23.25776307 -0.14949214 1.08684557 -0.14949214 30.36442400 1.58771904 1.08684557 1.58771904 10.85893280 
22.26132705 -2.03329994 -1.08798145 -2.03329994 16.16312582 -0.18248002 -1.08798145 -0.18248002 22.46023247 
40.67822515 1.07183054 -0.31971327 1.07183054 36.12780863 0.86516065 -0.31971327 0.86516065 17.21647594 
31.33321103 -3.35406246 0.00000000 -3.35406246 31.63779394 0.00000000 0.00000000 0.00000000 6.47769507 
20.25993424 -2.10469126 3.09892191 -2.10469126 20.12995058 -3.34363403 3.09892191 -3.34363403 11.07812147 
15.01725696 0.09638976 0.11723870 0.09638976 17.32262120 0.83740666 0.11723870 0.83740666 15.35807198 
23.27719453 -1.79386565 -0.03588997 -1.79386565 23.37005517 0.65632138 -0.03588997 0.65632138 13.07384946 
26.38329947 1.04749783 1.76298404 1.04749783 31.52714437 -1.31717380 1.76298404 -1.31717380 15.16214971 
41.94637466 2.21338070 -2.83143542 2.21338070 37.54566217 -1.68325101 -2.83143542 -1.68325101 19.72954878 
20.38171373 -0.89698695 1.64875170 -0.89698695 21.46739221 -1.05924211 1.64875170 -1.05924211 9.12612483 
20.68057471 -2.07357846 2.12520849 -2.07357846 17.97275677 -0.69106921 2.12520849 -0.69106921 9.13773176 
23.11557831 -1.54367242 -1.50575961 -1.54367242 32.76470137 5.20500603 -1.50575961 5.20500603 13.14136081 
17.59285478 1.63048128 1.27855749 1.63048128 20.23052499 -4.52365613 1.27855749 -4.52365613 19.61188517 
33.19234040 0.57492881 0.93464974 0.57492881 26.40823679 1.41747471 0.93464974 1.41747471 27.13473602 
47.46610951 -0.91538389 1.53246178 -0.91538389 41.96230641 -0.94377447 1.53246178 -0.94377447 13.82594506 
42.69248554 -0.99506930 -1.72171983 -0.99506930 39.82911531 -2.49564659 -1.72171983 -2.49564659 24.09694221 
30.70382926 -0.44015495 1.96064716 -0.44015495 36.78830401 -3.66270942 1.96064716 -3.66270942 23.73845860 
26.94266306 -1.93982845 -0.84548195 -1.93982845 33.38200479 -4.97468773 -0.84548195 -4.97468773 18.81340981 
28.21558137 1.27850406 2.42433704 1.27850406 26.15228047 2.50714734 2.42433704 2.50714734 32.87711236 
27.93542380 1.61043104 -0.49202019 1.61043104 27.51096341 -1.97589883 -0.49202019 -1.97589883 11.95664238 
27.39122114 8.26336736 -0.45560377 8.26336736 7.82409742 0.53814084 -0.45560377 0.53814084 10.42068117 
25.87026443 1.56298335 -0.67382705 1.56298335 26.34953465 -2.37647412 -0.67382705 -2.37647412 14.08404828 
42.28916194 0.44305164 -2.27861052 0.44305164 40.11460651 1.67917435 -2.27861052 1.67917435 14.92839454 
22.11807251 0.89039967 -0.73808555 0.89039967 15.44789288 -0.82080527 -0.73808555 -0.82080527 12.37735271 
21.24472419 0.97310677 2.05753841 0.97310677 21.27892776 2.98005643 2.05753841 2.98005643 10.29970314 
18.36939075 1.87369589 0.36745364 1.87369589 17.98770421 -1.59403238 0.36745364 -1.59403238 9.85037980 
37.89981878 2.86972150 -0.29315638 2.86972150 45.68682520 -1.07388058 -0.29315638 -1.07388058 16.12676259 
28.38105081 -0.44367888 0.40108617 -0.44367888 24.48534421 0.79968252 0.40108617 0.79968252 14.53968186 
16.45986182 1.47788223 -2.12124253 1.47788223 17.88465397 2.65136958 -2.12124253 2.65136958 12.31887068 
18.10606981 1.62510737 -0.22938557 1.62510737 19.67906871 -0.17410298 -0.22938557 -0.17410298 6.86207405 
32.39541232 -0.99866705 -1.99955638 -0.99866705 30.94207265 -0.59410342 -1.99955638 -0.59410342 12.63712331 
48.20535021 -0.93749772 -2.81698555 -0.93749772 48.64503339 -1.03713732 -2.81698555 -1.03713732 20.28351678 
26.60266412 1.31190742 0.73257345 1.31190742 24.87106788 3.78625355 0.73257345 3.78625355 13.37123036 
24.23963525 -2.66363518 0.82444393 -2.66363518 28.34394136 -4.39026217 0.82444393 -4.39026217 14.92609582 
15.57553238 1.62133163 -0.65835996 1.62133163 12.72006519 0.03246359 -0.65835996 0.03246359 6.99797788 
12.98990674 3.04281611 -0.92065940 3.04281611 18.57861177 1.25706171 -0.92065940 1.25706171 18.65846977 
24.42386437 3.20776859 1.86436181 3.20776859 27.71276323 -1.15776658 1.86436181 -1.15776658 23.53200037 
26.29593693 4.42516103 -1.96656072 4.42516103 32.37690932 -2.44643452 -1.96656072 -2.44643452 12.90275480 
37.90614167 -2.80784131 0.27206065 -2.80784131 35.11061185 -2.08607392 0.27206065 -2.08607392 15.73360635 
18.97119676 2.15389294 -0.29406987 2.15389294 18.96062477 -0.43818473 -0.29406987 -0.43818473 6.70398398 
32.87232607 -0.67254312 -0.85968014 -0.67254312 34.81830230 -0.39923978 -0.85968014 -0.39923978 16.29743624 
31.73771104 0.89145109 0.55092624 0.89145109 32.06920911 1.77512397 0.55092624 1.77512397 10.85541400 
17.61728134 3.55705474 -1.34139529 3.55705474 15.66481273 -1.14807911 -1.34139529 -1.14807911 13.01404675 
32.61142935 -4.92097316 0.54489254 -4.92097316 28.19935908 -1.03058433 0.54489254 -1.03058433 14.89354171 
27.64286941 0.49007165 0.39165275 0.49007165 25.75503785 -0.82982852 0.39165275 -0.82982852 18.94570961 
33.97198696 -2.79506597 -3.39880142 -2.79506597 33.44952778 0.88760174 -3.39880142 0.88760174 15.44955493 
29.55635149 -0.21911901 1.34435023 -0.21911901 20.33631945 -1.07844978 1.34435023 -1.07844978 10.69279036 
29.21090419 -0.88604699 0.46226871 -0.88604699 31.65115470 1.89361859 0.46226871 1.89361859 13.83988490 
36.35789698 -2.99346683 2.17351721 -2.99346683 38.02578924 -3.20988367 2.17351721 -3.20988367 17.59781727 
22.45918200 0.82395372 -0.61853239 0.82395372 20.60153261 0.96704608 -0.61853239 0.96704608 17.03339711 
19.45620452 0.18587002 -0.94846072 0.18587002 20.66374859 -0.16468831 -0.94846072 -0.16468831 10.43665593 
25.73584031 -0.20145288 2.45154155 -0.20145288 24.52412528 0.78034088 2.45154155 0.78034088 15.00973112 
26.30215735 0.55672894 -0.26940915 0.55672894 28.27172879 -2.06412547 -0.26940915 -2.06412547 11.22752899 
17.62088977 1.97336720 -0.09164602 1.97336720 24.76891592 -4.95922620 -0.09164602 -4.95922620 12.42165974 
17.70999247 -0.36252582 0.63869088 -0.36252582 25.36439963 -0.49536441 0.63869088 -0.49536441 22.01204560 
23.37384575 -1.21948467 2.27539816 -1.21948467 24.93234351 2.74220975 2.27539816 2.74220975 21.04629694 
47.16618342 3.49016553 1.18954116 3.49016553 38.69534121 -0.07091067 1.18954116 -0.07091067 17.95475523 
26.65209847 1.25022451 2.09654495 1.25022451 30.79005934 1.34772945 2.09654495 1.34772945 20.67767906 
40.62305263 -0.90278225 -4.52311435 -0.90278225 37.42087958 -0.88284138 -4.52311435 -0.88284138 17.93745317 
27.91757320 -2.71353985 0.31986023 -2.71353985 33.55174087 1.11569068 0.31986023 1.11569068 29.84879483 
31.16430575 3.28093807 1.20563818 3.28093807 28.10780381 1.40325479 1.20563818 1.40325479 13.92468479 
20.18894405 0.15744788 -1.31877702 0.15744788 17.20125992 0.54273944 -1.31877702 0.54273944 7.17360802 
27.17179460 -0.91744844 -1.50085878 -0.91744844 32.48160776 -3.32671821 -1.50085878 -3.32671821 18.36813676 
38.87872910 0.65629573 -1.92500787 0.65629573 44.07956154 1.52389654 -1.92500787 1.52389654 16.70022212 
14.92910474 -0.06730550 1.59216062 -0.06730550 24.11913430 1.40218267 1.59216062 1.40218267 10.75844984 
26.88789018 -0.09534739 -0.60004907 -0.09534739 32.11523772 -3.15569977 -0.60004907 -3.15569977 25.35646848 
20.17679759 -1.00257999 1.22038420 -1.00257999 19.92212092 -0.12363889 1.22038420 -0.12363889 10.52499488 
23.79452367 1.89419469 2.76553347 1.89419469 21.32683710 -1.05108027 2.76553347 -1.05108027 10.23330669 
21.55335678 3.71353749 1.17066218 3.71353749 21.54892867 1.03962723 1.17066218 1.03962723 11.00675850 
25.87056663 -1.11717722 -4.03449475 -1.11717722 27.20693273 0.91490813 -4.03449475 0.91490813 12.40529174 
17.44561199 -0.70787298 0.01365060 -0.70787298 15.49704891 1.29006348 0.01365060 1.29006348 7.04960794 
22.93299012 0.07037523 -1.84557975 0.07037523 14.97161741 -1.06118330 -1.84557975 -1.06118330 8.27988832 
19.31609302 -3.24241013 2.60236707 -3.24241013 17.24164480 -0.02749964 2.60236707 -0.02749964 10.16696009 
40.53770827 -1.10031497 0.89252143 -1.10031497 49.37037499 -1.84441887 0.89252143 -1.84441887 20.50991875 
15.97596926 -1.86577368 -0.21514351 -1.86577368 21.64230957 -0.79883648 -0.21514351 -0.79883648 18.91213360 
39.76110330 0.60236126 -2.44463145 0.60236126 38.67718151 -0.96755667 -2.44463145 -0.96755667 16.30207244 
43.85719050 -0.05425359 0.46733523 -0.05425359 41.79609977 0.27744164 0.46733523 0.27744164 18.88211243 
23.59180240 -2.45717026 -0.58370745 -2.45717026 18.36025206 4.16439203 -0.58370745 4.16439203 12.52902163 
44.11427930 -2.49473492 -2.60186167 -2.49473492 39.06490817 4.01447017 -2.60186167 4.01447017 17.12850939 
30.93719781 1.09758663 0.30083537 1.09758663 18.91802213 0.43626703 0.30083537 0.43626703 13.56289649 
34.87376386 -1.32050028 0.65306981 -1.32050028 36.27725474 -1.67751433 0.65306981 -1.67751433 17.35983142 
25.62744909 -0.94808823 0.67377674 -0.94808823 20.62010651 2.59559818 0.67377674 2.59559818 10.21506106 
28.39234640 -1.96226822 0.37387886 -1.96226822 30.72581733 -1.55071157 0.37387886 -1.55071157 30.48121692 
29.79636713 1.09761819 2.62507132 1.09761819 28.34967365 0.55733609 2.62507132 0.55733609 14.66962521 
32.18072490 -0.94103751 2.66495426 -0.94103751 25.51822681 -0.11011499 2.66495426 -0.11011499 25.54199578 
28.09747365 1.93939137 0.83767756 1.93939137 31.69291273 1.20404460 0.83767756 1.20404460 18.18534790 
23.67237686 -0.41730810 0.13140389 -0.41730810 25.25903303 0.24105962 0.13140389 0.24105962 14.17295951 
24.00116468 0.36315055 -1.98110216 0.36315055 28.22915397 1.31863089 -1.98110216 1.31863089 13.82185174 
41.48409021 -1.99599208 1.63318257 -1.99599208 33.97767963 0.53304638 1.63318257 0.53304638 17.24676309 
31.45879266 -0.29995173 -2.16538613 -0.29995173 35.01761440 1.99500373 -2.16538613 1.99500373 17.61886749 
35.45241036 -2.39965217 0.05092337 -2.39965217 40.07069309 0.62605914 0.05092337 0.62605914 13.92320195 
29.55409910 1.79537333 -4.15192617 1.79537333 21.06495628 0.46011838 -4.15192617 0.46011838 10.02978951 
18.54812833 2.67306945 0.20507708 2.67306945 21.63914240 0.78216477 0.20507708 0.78216477 10.31442967 
38.14599422 3.06384250 -0.08734832 3.06384250 32.55813797 -2.44183557 -0.08734832 -2.44183557 18.80613646 
39.74479623 2.27864562 -0.71809776 2.27864562 35.11993747 0.52342749 -0.71809776 0.52342749 15.31649202 
20.04471962 1.15182549 -0.39715959 1.15182549 19.42524546 -0.46692705 -0.39715959 -0.46692705 12.76301821 
19.54983670 2.57286200 1.59299224 2.57286200 17.63808122 -1.49303608 1.59299224 -1.49303608 14.87054028 
41.00215209 -1.32609429 -2.72271615 -1.32609429 49.59581044 4.63098236 -2.72271615 4.63098236 28.34167512 
37.37932352 1.84627349 1.60561800 1.84627349 35.08001648 2.46309522 1.60561800 2.46309522 13.81472709 
38.09110691 -1.55808589 0.76730152 -1.55808589 42.39622708 -3.39879804 0.76730152 -3.39879804 16.11631829 
38.96360796 -1.48505043 -1.04838365 -1.48505043 39.01030638 -0.59254811 -1.04838365 -0.59254811 13.77087624 
29.48168762 0.78919710 -1.58284941 0.78919710 28.16995170 -0.90982728 -1.58284941 -0.90982728 12.25997067 
31.50072809 0.53186252 2.00762327 0.53186252 26.87967025 2.61445381 2.00762327 2.61445381 18.70623254 
26.08655490 -0.55419591 -2.81424433 -0.55419591 28.03135612 2.43485297 -2.81424433 2.43485297 23.29857298 
35.99868682 0.23269019 1.47208014 0.23269019 29.66489883 1.07806575 1.47208014 1.07806575 14.94731324 
40.21216911 -3.33484839 1.82016253 -3.33484839 44.09233012 -0.41498861 1.82016253 -0.41498861 16.30427647 
38.66650707 -3.57352739 1.64730140 -3.57352739 41.50838938 0.85155322 1.64730140 0.85155322 18.36110996 
26.21024506 -1.09286736 0.07606843 -1.09286736 30.21506539 -2.21535202 0.07606843 -2.21535202 17.27077329 
31.18856587 -0.06321627 -1.61865649 -0.06321627 32.62834689 0.19633363 -1.61865649 0.19633363 15.08700675 
28.41017812 2.60319004 -1.61855438 2.60319004 29.49839470 0.42014018 -1.61855438 0.42014018 11.94495139 
33.34765098 0.52415198 -7.30662724 0.52415198 26.89553886 0.58031376 -7.30662724 0.58031376 15.27133638 
31.54189658 -4.94974881 2.17741473 -4.94974881 28.23117963 0.11113294 2.17741473 0.11113294 20.24720447 
31.28079885 -0.05534827 -0.87912527 -0.05534827 37.30288997 0.63465514 -0.87912527 0.63465514 16.29340476 
16.42134432 -2.76632246 -0.12536233 -2.76632246 19.30933799 -1.13707110 -0.12536233 -1.13707110 7.66247877 
27.47613944 -5.02565328 3.98629727 -5.02565328 18.73935108 -2.10230300 3.98629727 -2.10230300 14.45347189 
23.77497696 0.04558935 -0.62357977 0.04558935 23.25444465 0.31299733 -0.62357977 0.31299733 17.34047236 
22.10022203 -2.41240192 1.50008073 -2.41240192 31.80178173 -1.89444079 1.50008073 -1.89444079 10.03276759 
30.25699060 0.64659574 -0.71313725 0.64659574 29.47009218 0.95381549 -0.71313725 0.95381549 18.41902089 
21.63100206 2.30662152 1.98120869 2.30662152 20.16561868 0.14100576 1.98120869 0.14100576 12.74558565 
34.23377246 1.10779005 1.43130690 1.10779005 35.43298638 -1.15306600 1.43130690 -1.15306600 10.67842733 
19.01456628 0.93806253 -2.03332626 0.93806253 20.23024940 1.62955453 -2.03332626 1.62955453 13.08795162 
38.92545843 -1.71887073 0.91145448 -1.71887073 35.03640005 -1.27323224 0.91145448 -1.27323224 17.51563563 
25.98206780 -2.84255266 4.68438501 -2.84255266 22.00237624 -0.13979789 4.68438501 -0.13979789 13.20142451 
22.85705508 1.55488352 0.56353186 1.55488352 30.74873230 -1.58736953 0.56353186 -1.58736953 11.03735381 
23.06154439 -6.33335533 0.16140421 -6.33335533 20.27349471 -0.16100336 0.16140421 -0.16100336 8.91133097 
32.96747231 -0.62900339 -1.73615765 -0.62900339 31.07046506 2.32543514 -1.73615765 2.32543514 13.68572389 
43.93093274 -2.59171923 -1.02763106 -2.59171923 51.74700228 -4.05564386 -1.02763106 -4.05564386 22.24063421 
21.61339976 -0.87234037 -0.99226592 -0.87234037 24.42805297 -0.18568289 -0.99226592 -0.18568289 9.36637286 
47.08075182 2.06422463 0.54437528 2.06422463 40.61792465 2.64934770 0.54437528 2.64934770 19.11678162 
43.88702509 -1.33970878 0.49790567 -1.33970878 39.40318053 0.94872962 0.49790567 0.94872962 18.94011685 
36.68760205 1.13152165 0.12941030 1.13152165 36.88300670 1.15359296 0.12941030 1.15359296 16.85472676 
21.17066612 3.80434928 0.10648035 3.80434928 21.48564482 1.30394817 0.10648035 1.30394817 10.88790858 
30.93989577 -0.43842857 2.21796916 -0.43842857 29.04894265 -2.27302247 2.21796916 -2.27302247 14.58355012 
26.64723364 2.26614092 0.68315414 2.26614092 22.88552584 0.26181414 0.68315414 0.26181414 11.68886861 
28.33720234 -3.92545865 -1.98148434 -3.92545865 32.92509534 -0.92117896 -1.98148434 -0.92117896 15.04126671 
32.90372703 1.39657349 -2.42815757 1.39657349 38.25134267 -0.67939235 -2.42815757 -0.67939235 14.82202646 
34.14137648 -0.66599639 -0.28597647 -0.66599639 31.48155386 1.87892072 -0.28597647 1.87892072 20.30323539 
26.53132590 1.03934429 -4.24745983 1.03934429 23.04456727 2.70552309 -4.24745983 2.70552309 12.78322335 
33.38365504 -0.60384839 0.36003274 -0.60384839 33.29958935 3.34632439 0.36003274 3.34632439 15.31754861 
11.91225065 0.54425642 0.31922539 0.54425642 11.29993873 0.21671405 0.31922539 0.21671405 5.21065331 
21.12815891 1.03050522 0.56430622 1.03050522 16.50820853 -0.17125095 0.56430622 -0.17125095 10.56458982 
22.92426598 2.82294559 2.85514284 2.82294559 23.05547855 -0.64613626 2.85514284 -0.64613626 14.89007228 
27.11080535 -0.66663952 2.26049444 -0.66663952 32.30228745 1.68596348 2.26049444 1.68596348 20.55209377 
21.68288169 -3.99268457 -2.65258072 -3.99268457 23.98334510 0.24570407 -2.65258072 0.24570407 11.53452683 
36.65875092 -1.88792175 -2.32355948 -1.88792175 36.22718077 -1.76099074 -2.32355948 -1.76099074 17.07396770 
17.81445956 -0.87684806 1.19207930 -0.87684806 21.23209718 -2.04919027 1.19207930 -2.04919027 14.79538866 
41.03750218 -0.82891566 0.37753718 -0.82891566 34.40670507 2.32131968 0.37753718 2.32131968 13.05361561 
28.99647860 0.09495585 -2.93258861 0.09495585 25.94593335 -1.63328317 -2.93258861 -1.63328317 18.59790594 
14.68847219 1.51040918 -0.81235881 1.51040918 12.24966821 -0.71929949 -0.81235881 -0.71929949 12.44617018 
30.82846121 1.65005652 -0.04521793 1.65005652 34.99494094 1.36424622 -0.04521793 1.36424622 20.66598407 
24.52609202 1.60247182 -1.33984309 1.60247182 23.53509274 0.91517706 -1.33984309 0.91517706 13.19675395 
23.17596449 0.35139759 1.55315218 0.35139759 22.71760309 -0.39024087 1.55315218 -0.39024087 16.24474413 
42.99285024 0.17391115 -3.32256408 0.17391115 37.80758150 -1.67558810 -3.32256408 -1.67558810 17.42068342 
22.71509927 2.63174129 -0.42949701 2.63174129 20.41871161 0.87644589 -0.42949701 0.87644589 6.37361084 
19.20866182 2.26543707 3.87010717 2.26543707 18.38853013 1.56238566 3.87010717 1.56238566 10.15103465 
36.52714054 0.46857691 3.47356204 0.46857691 25.92105196 1.48394415 3.47356204 1.48394415 15.39370451 
39.59525322 1.88647299 0.39827314 1.88647299 36.66732711 -1.38059776 0.39827314 -1.38059776 25.10959556 
24.21481238 0.78841423 2.18141307 0.78841423 33.43484629 3.23952782 2.18141307 3.23952782 20.81527423 
29.84439042 0.96673595 0.75196530 0.96673595 35.40419386 -0.31599376 0.75196530 -0.31599376 12.40713677 
17.12449935 -1.56182332 0.36890298 -1.56182332 13.76711996 1.90564332 0.36890298 1.90564332 10.06832133 
35.72737079 -2.03358255 -0.20640695 -2.03358255 35.21772118 1.71223935 -0.20640695 1.71223935 17.92448570 
42.72019248 1.21816638 0.02231291 1.21816638 37.03052467 0.13204254 0.02231291 0.13204254 18.43737743 
34.65761850 -3.66935717 5.03602133 -3.66935717 33.74330688 0.28183629 5.03602133 0.28183629 18.05297256 
19.18517983 -0.31049534 -0.77044056 -0.31049534 16.00755443 0.46442235 -0.77044056 0.46442235 9.58386993 
32.45570826 -0.68046029 0.57756260 -0.68046029 31.76453080 -1.09184164 0.57756260 -1.09184164 17.80431284 
32.39398156 0.25472680 -2.03726943 0.25472680 30.08848787 1.89229330 -2.03726943 1.89229330 16.06568421 
34.87259705 -2.52907676 0.77661576 -2.52907676 40.33544244 2.20465660 0.77661576 2.20465660 24.70119709 
37.69565106 0.22896182 0.96891465 0.22896182 34.57283497 -3.81416144 0.96891465 -3.81416144 14.08231081 
30.46234503 3.22221274 2.10700070 3.22221274 27.45055625 3.35235681 2.10700070 3.35235681 10.84831906 
24.45677735 0.53997173 2.97350678 0.53997173 22.82184038 -0.04603148 2.97350678 -0.04603148 8.73426648 
33.49158004 -2.34936718 2.07439621 -2.34936718 36.95134699 -0.04074927 2.07439621 -0.04074927 19.42479940 
38.72686069 -2.49494471 0.00000000 -2.49494471 28.44857339 -0.00000000 0.00000000 -0.00000000 5.57503982 
46.54251991 1.86773737 -0.34030556 1.86773737 50.39613305 0.35493708 -0.34030556 0.35493708 22.62927208 
32.08572498 0.58966307 -0.18471436 0.58966307 36.64943726 1.69981992 -0.18471436 1.69981992 16.63482698 
44.63299669 0.45236164 1.90308643 0.45236164 38.79730894 1.50725491 1.90308643 1.50725491 17.06574725 
28.31088580 -1.58396263 -0.33026106 -1.58396263 31.11678160 0.84280335 -0.33026106 0.84280335 17.69675611 
36.88552894 1.11497367 1.40816160 1.11497367 36.12690773 1.60578407 1.40816160 1.60578407 15.18382289 
23.08265448 -1.86341856 -0.12259161 -1.86341856 27.05443297 2.02086814 -0.12259161 2.02086814 29.24858473 
26.81559447 0.92069081 -1.30981595 0.92069081 28.71788041 -2.96261828 -1.30981595 -2.96261828 13.99256402 
37.41680317 -0.59892473 1.60439674 -0.59892473 38.14543324 3.05399317 1.60439674 3.05399317 17.29276587 
48.64848511 0.79958342 3.37887330 0.79958342 43.04196113 1.38240896 3.37887330 1.38240896 21.43297680 
23.40942262 0.25183738 0.49160386 0.25183738 20.91160730 3.44567811 0.49160386 3.44567811 18.10808806 
35.48058299 1.32126762 -0.85569613 1.32126762 45.58376882 -0.13307950 -0.85569613 -0.13307950 22.29705113 
36.32040050 -1.43561634 -2.31351276 -1.43561634 38.68419557 2.33249785 -2.31351276 2.33249785 15.21889408 
22.30051179 0.08173993 -1.31763342 0.08173993 21.88493168 -1.83250773 -1.31763342 -1.83250773 17.45073425 
36.15138218 -0.27262244 -2.14188407 -0.27262244 39.49467222 -1.01059354 -2.14188407 -1.01059354 14.75243412 
35.76488089 0.44989651 0.33572135 0.44989651 40.31662924 1.29076952 0.33572135 1.29076952 16.74497803 
26.14631552 2.07358146 -0.74467176 2.07358146 25.90176990 0.35982886 -0.74467176 0.35982886 17.41832896 
20.35278593 1.74473464 1.38080115 1.74473464 21.08602015 -0.31426843 1.38080115 -0.31426843 20.31836391 
24.23049591 0.33831047 1.30779286 0.33831047 28.28704991 2.00812461 1.30779286 2.00812461 11.50666311 
35.42730862 -0.59420343 -0.53236419 -0.59420343 38.47282217 0.68822177 -0.53236419 0.68822177 17.78146602 
22.28847430 0.52523230 2.77240483 0.52523230 24.78118613 0.23207505 2.77240483 0.23207505 12.37462095 
19.11226465 -0.77449351 -1.35456198 -0.77449351 26.41016823 -4.97183461 -1.35456198 -4.97183461 23.61975154 
23.46456465 2.33631813 -1.16114941 2.33631813 22.15460606 -0.91849299 -1.16114941 -0.91849299 8.93880090 
29.46150405 -0.48280492 -1.38914752 -0.48280492 27.46867093 -0.98357075 -1.38914752 -0.98357075 10.08323493 
28.84571702 1.83138202 1.93174463 1.83138202 32.42152475 -0.34395907 1.93174463 -0.34395907 15.32007784 
29.77368674 -0.32118726 -2.64624054 -0.32118726 27.13815216 -3.08028770 -2.64624054 -3.08028770 33.23735564 
41.57382397 -3.35556236 0.48263658 -3.35556236 39.07166457 -1.46446470 0.48263658 -1.46446470 20.13181212 
37.84157326 -2.12973662 4.78277494 -2.12973662 31.22619988 -3.63028394 4.78277494 -3.63028394 25.80908814 
39.83238783 0.81225143 -1.25215579 0.81225143 38.08272330 1.14156333 -1.25215579 1.14156333 16.67600766 
33.75920769 -1.07692134 0.27839093 -1.07692134 35.45332529 -3.57890314 0.27839093 -3.57890314 15.98501458 
16.64235201 0.18360540 -0.19053348 0.18360540 18.41439772 2.44628272 -0.19053348 2.44628272 14.30019424 
24.60160546 2.32152335 1.41574131 2.32152335 25.12949535 1.44191692 1.41574131 1.44191692 11.01848600 
31.99857603 -2.30712280 0.90027232 -2.30712280 33.78612667 -1.44673004 0.90027232 -1.44673004 14.45306072 
26.56092532 -3.18265934 0.86032106 -3.18265934 28.86744998 -0.56512693 0.86032106 -0.56512693 12.55524610 
23.29063238 -0.77736269 0.13986098 -0.77736269 12.84909079 0.40639475 0.13986098 0.40639475 8.76757307 
40.08624331 0.14954492 -1.52711493 0.14954492 39.41880876 -1.87971918 -1.52711493 -1.87971918 18.88763190 
25.95005157 -1.76399260 1.44576202 -1.76399260 28.53523224 -2.43276085 1.44576202 -2.43276085 16.34602072 
26.75312049 -1.62772207 0.91272187 -1.62772207 28.06378807 1.91201841 0.91272187 1.91201841 10.86739977 
36.90403974 -0.87642389 -0.97190298 -0.87642389 37.06109276 -0.30242328 -0.97190298 -0.30242328 13.16276762 
23.49546907 1.48679217 1.82931196 1.48679217 21.57984561 0.57816419 1.82931196 0.57816419 20.81992747 
26.46844573 0.04214468 4.07755844 0.04214468 27.18715286 -1.16644874 4.07755844 -1.16644874 22.61871838 
30.47357407 -1.45815913 -0.75244833 -1.45815913 35.54955633 1.24453472 -0.75244833 1.24453472 13.76778476 
40.53685730 0.28149956 -2.60081207 0.28149956 40.63734285 -1.44945328 -2.60081207 -1.44945328 19.12746513 
23.07974519 1.35665503 -0.58200550 1.35665503 25.44628978 -0.93276931 -0.58200550 -0.93276931 15.22144074 
42.15188383 -2.46681466 -1.05654925 -2.46681466 43.20207489 -1.84279265 -1.05654925 -1.84279265 18.91584017 
41.69826216 0.81553319 0.66226078 0.81553319 42.29354467 0.93148511 0.66226078 0.93148511 18.06247924 
40.39201513 -0.66490109 4.25874818 -0.66490109 38.77071191 -0.99259331 4.25874818 -0.99259331 14.87430087 
27.72060557 -2.15365697 0.02793836 -2.15365697 26.41730447 -1.75274529 0.02793836 -1.75274529 16.68536006 
37.36653113 -2.48350095 -3.36306673 -2.48350095 43.68678575 0.36789864 -3.36306673 0.36789864 15.53597131 
45.33175231 -0.88493355 -1.82162738 -0.88493355 39.41913992 -2.91720800 -1.82162738 -2.91720800 21.86369315 
20.57373299 -0.74901246 1.28503039 -0.74901246 18.61690782 0.78979565 1.28503039 0.78979565 10.22290292 
25.75015978 2.20126167 -2.72987590 2.20126167 23.32372470 -2.10147103 -2.72987590 -2.10147103 14.10703334 
17.56937071 -1.77754649 -0.76553457 -1.77754649 20.70431367 -0.17057408 -0.76553457 -0.17057408 20.52248352 
36.34035346 2.66186612 0.73575659 2.66186612 40.86934381 4.03011439 0.73575659 4.03011439 25.40975734 
35.41846230 1.81158724 2.58222916 1.81158724 32.37941334 1.82325814 2.58222916 1.82325814 16.14639987 
36.62440083 0.74581842 -2.35239181 0.74581842 38.81583699 -2.29707872 -2.35239181 -2.29707872 15.59095471 
20.68280207 -0.19121243 1.26196299 -0.19121243 22.79070469 -0.34820696 1.26196299 -0.34820696 15.72084087 
22.72194486 -0.06274754 1.28557775 -0.06274754 25.94943348 -0.51222560 1.28557775 -0.51222560 17.96692672 
27.13670680 -2.92406808 2.16256665 -2.92406808 27.19770392 0.49204187 2.16256665 0.49204187 15.52422219 
21.63659172 3.27157177 0.47909411 3.27157177 24.61204127 -4.25199759 0.47909411 -4.25199759 11.53902260 
30.95879794 -1.81369427 1.70472811 -1.81369427 26.50966907 -1.45526586 1.70472811 -1.45526586 17.36402649 
28.24481490 -1.67241288 -1.31597006 -1.67241288 28.47305453 -0.98330825 -1.31597006 -0.98330825 22.54637642 
35.65515856 -1.09959324 -0.19150921 -1.09959324 39.44613866 -5.21677642 -0.19150921 -5.21677642 20.53869449 
23.99452785 2.80498956 1.63213069 2.80498956 27.45867041 0.69324552 1.63213069 0.69324552 11.45886417 
38.74891135 -0.89898024 1.59762871 -0.89898024 31.11675433 -0.14200361 1.59762871 -0.14200361 11.70941432 
42.43178738 4.21786016 -0.28051886 4.21786016 46.40300982 -0.02778926 -0.28051886 -0.02778926 22.05629089 
30.84996313 2.01615709 3.50339992 2.01615709 27.63385953 -0.91616964 3.50339992 -0.91616964 16.34755568 
23.76157775 0.10100047 -3.98305498 0.10100047 22.07511293 -4.24024208 -3.98305498 -4.24024208 20.35814854 
41.63302778 4.28950154 -2.05008020 4.28950154 42.94920287 -3.94136942 -2.05008020 -3.94136942 18.72405800 
34.05449095 2.88260419 0.83248293 2.88260419 37.51625312 2.64490720 0.83248293 2.64490720 19.49919610 
23.63235096 -3.17078727 2.21672251 -3.17078727 23.73176868 -2.59795953 2.21672251 -2.59795953 11.84234250 
39.08921956 -1.84143841 2.03632406 -1.84143841 37.52311753 -1.61683845 2.03632406 -1.61683845 18.72218633 
21.86084417 0.07949765 3.90303003 0.07949765 26.19984552 1.27328056 3.90303003 1.27328056 12.56557605 
24.00067723 3.39356586 0.23909597 3.39356586 22.83565090 0.89700868 0.23909597 0.89700868 21.30868791 
24.98200895 -0.83348228 1.59827658 -0.83348228 23.13287796 2.06593594 1.59827658 2.06593594 9.82978123 
13.25310587 -1.37791714 0.10738768 -1.37791714 16.77473998 -0.34599027 0.10738768 -0.34599027 9.11511384 
41.95103574 -1.65054983 2.46639235 -1.65054983 35.64174349 0.65955463 2.46639235 0.65955463 15.94891273 
43.52417696 -1.48671721 3.68827655 -1.48671721 38.73706783 0.17889874 3.68827655 0.17889874 17.82051745 
32.21530639 -2.13021090 2.87809757 -2.13021090 32.28597926 -1.97101317 2.87809757 -1.97101317 20.25464588 
31.29015388 -2.65949015 -1.73030180 -2.65949015 27.28927466 0.83212914 -1.73030180 0.83212914 21.58655804 
37.99532304 -1.45264342 1.59323715 -1.45264342 41.33234139 1.61424530 1.59323715 1.61424530 13.21931874 
22.03856559 0.73749288 -0.37208450 0.73749288 23.61064241 3.38116201 -0.37208450 3.38116201 13.51280610 
34.84538859 2.81373676 1.43265941 2.81373676 32.77941730 -0.96127086 1.43265941 -0.96127086 14.49188843 
23.95783044 2.06219474 2.06098658 2.06219474 21.40516280 2.24870162 2.06098658 2.24870162 13.08480506 
19.34713365 -2.69083028 0.14295961 -2.69083028 18.21390017 -1.59754503 0.14295961 -1.59754503 10.38271948 
20.04404052 0.59099610 -0.44102533 0.59099610 22.08987806 -2.06350258 -0.44102533 -2.06350258 21.92559270 
46.69966352 -0.78857376 2.72646430 -0.78857376 44.09857122 -0.86561751 2.72646430 -0.86561751 20.79144645 
35.57566216 -2.81075416 0.34877186 -2.81075416 39.08605462 2.81558825 0.34877186 2.81558825 15.20000981 
29.70054292 -0.50131704 0.94620160 -0.50131704 33.26539843 -1.39848098 0.94620160 -1.39848098 15.41163849 
31.31828796 1.81697750 -0.00000000 1.81697750 28.36038550 0.00000000 -0.00000000 0.00000000 5.79512869 
40.00670090 0.02247188 1.32312387 0.02247188 40.45216915 0.45831752 1.32312387 0.45831752 16.69677043 
24.02560471 -0.65057718 1.75727477 -0.65057718 25.55881860 0.03573106 1.75727477 0.03573106 18.57271039 
25.98752944 2.05112305 0.47409628 2.05112305 27.59960824 -2.01123448 0.47409628 -2.01123448 13.91491186 
39.33308485 -0.27458046 1.89284254 -0.27458046 37.33968881 1.86853496 1.89284254 1.86853496 13.15800896 
27.65980277 0.40005154 -1.77235485 0.40005154 23.44490288 -1.64281340 -1.77235485 -1.64281340 18.03671318 
45.06936851 0.02650936 1.08392441 0.02650936 40.82184078 0.50703929 1.08392441 0.50703929 21.04837224 
39.38006959 -1.16440640 -4.13823157 -1.16440640 40.30782118 0.86231183 -4.13823157 0.86231183 18.26249769 
18.06321009 -0.79785066 1.85774665 -0.79785066 21.72471964 -0.58365168 1.85774665 -0.58365168 21.03393387 
35.33023560 -1.46627388 -0.30649375 -1.46627388 31.99047530 0.99374638 -0.30649375 0.99374638 16.21480054 
20.98431039 -1.09931544 1.12254068 -1.09931544 23.94602719 -0.95379224 1.12254068 -0.95379224 14.21297683 
37.87686984 1.14708869 -0.66237222 1.14708869 35.27946024 -1.51800405 -0.66237222 -1.51800405 18.02880307 
18.98498095 0.04484204 1.72309206 0.04484204 20.93225589 -2.29399287 1.72309206 -2.29399287 9.08850815 
34.58291346 -2.06189866 -5.67466907 -2.06189866 41.49466543 3.95899053 -5.67466907 3.95899053 21.00778740 
15.36428473 1.40671829 -1.19235225 1.40671829 16.18001439 -1.49479793 -1.19235225 -1.49479793 8.60101876 
19.98918599 1.18598432 1.26820245 1.18598432 22.09006253 -0.09436973 1.26820245 -0.09436973 15.52976308 
33.70099638 2.95394316 -4.42769335 2.95394316 30.85010403 -2.52207928 -4.42769335 -2.52207928 20.47492337 
27.20084907 -1.34554987 -0.81685461 -1.34554987 20.39727173 0.28402897 -0.81685461 0.28402897 9.36648140 
21.87029763 -1.04548984 -0.71818550 -1.04548984 24.41248169 -1.58046208 -0.71818550 -1.58046208 11.61939354 
32.14335181 -0.57724674 -2.97509468 -0.57724674 34.27722210 -0.26087278 -2.97509468 -0.26087278 14.96136585 
32.74743699 -0.84541792 0.70520612 -0.84541792 27.20943084 1.72546267 0.70520612 1.72546267 14.12681951 
43.98077721 0.53009874 -1.73415650 0.53009874 45.13279418 -1.71950563 -1.73415650 -1.71950563 17.53162053 
18.66899090 -0.07209056 -1.76975172 -0.07209056 19.86429860 -0.08745001 -1.76975172 -0.08745001 11.46444149 
25.09969817 1.19980999 0.20159878 1.19980999 22.64435487 -0.44484039 0.20159878 -0.44484039 11.41158506 
20.76305949 1.74056746 0.10162058 1.74056746 16.07165851 1.32842223 0.10162058 1.32842223 9.82903351 
31.30662752 0.13326750 3.14039144 0.13326750 31.87296376 1.43640638 3.14039144 1.43640638 19.03464071 
22.35284018 0.37208402 3.10248565 0.37208402 22.74785421 -0.04537321 3.10248565 -0.04537321 11.55689143 
40.95593486 -0.48253118 -4.91181586 -0.48253118 38.79347570 2.16978890 -4.91181586 2.16978890 16.58903160 
38.92721820 0.50268456 4.30735193 0.50268456 34.46309102 1.38820552 4.30735193 1.38820552 14.48113649 
22.39274788 0.15129382 -2.15019321 0.15129382 15.99474054 0.52500108 -2.15019321 0.52500108 9.23182873 
17.43455688 -2.30620557 2.14483489 -2.30620557 16.81821251 -0.64982487 2.14483489 -0.64982487 7.65282338 
30.25076191 -2.72805631 -1.63698570 -2.72805631 22.88450673 1.11978367 -1.63698570 1.11978367 9.14329611 
29.70161449 -0.25478494 1.58818013 -0.25478494 31.29487281 1.06129562 1.58818013 1.06129562 11.16535246 
29.51695711 1.03772970 3.54918066 1.03772970 30.60413989 0.94922172 3.54918066 0.94922172 10.11476198 
22.73606280 1.82791029 -0.76504625 1.82791029 22.42915068 0.04393630 -0.76504625 0.04393630 12.76711967 
38.50644070 -0.87614490 -2.26272749 -0.87614490 39.08415442 -2.70824838 -2.26272749 -2.70824838 17.18475460 
26.83103028 2.24104430 -2.00886543 2.24104430 28.81758971 -3.23365917 -2.00886543 -3.23365917 13.69221795 
42.06993300 2.22082542 -0.17222759 2.22082542 40.42719096 1.67669248 -0.17222759 1.67669248 18.88871564 
37.31431238 -0.42819517 -0.02107650 -0.42819517 37.15114205 2.03808666 -0.02107650 2.03808666 17.82222306 
22.98426151 1.24981013 0.21156367 1.24981013 22.96898796 -1.21677058 0.21156367 -1.21677058 26.89056223 
22.30432411 0.69841944 -0.53852022 0.69841944 20.25645125 -1.03795867 -0.53852022 -1.03795867 10.73075458 
49.38152715 -2.85820579 0.75687159 -2.85820579 46.56639148 0.55899419 0.75687159 0.55899419 22.58735900 
32.72020245 -0.18313909 1.66700696 -0.18313909 32.51071743 2.28049532 1.66700696 2.28049532 13.71103400 
22.62595530 0.34494108 2.55184738 0.34494108 18.29877201 -0.30318012 2.55184738 -0.30318012 13.57447171 
19.91435467 -1.80908318 0.37036141 -1.80908318 19.12086768 -0.82758711 0.37036141 -0.82758711 17.84053558 
18.85713735 3.03424619 1.08156189 3.03424619 21.22523438 2.75742084 1.08156189 2.75742084 10.16338793 
38.01119060 0.95310820 1.85577218 0.95310820 33.86066714 2.55747696 1.85577218 2.55747696 16.59126930 
35.86053898 -2.61688947 1.67081025 -2.61688947 31.93371321 -1.65833682 1.67081025 -1.65833682 18.30746645 
35.41985626 -2.78663546 3.70919778 -2.78663546 34.66608484 -0.05561191 3.70919778 -0.05561191 17.92082003 
21.23938063 -0.57379878 0.12513501 -0.57379878 23.64982885 -0.99885386 0.12513501 -0.99885386 11.09986063 
33.46827923 -2.38889483 0.19490854 -2.38889483 34.29953544 0.10359482 0.19490854 0.10359482 18.86321356 
34.69160568 -3.05910255 1.06673505 -3.05910255 34.91849099 -2.93953352 1.06673505 -2.93953352 11.66366449 
21.31009127 -2.11405835 -0.03791248 -2.11405835 21.71202564 2.80618996 -0.03791248 2.80618996 16.28460814 
21.28185443 3.80110524 0.58282817 3.80110524 27.14531540 -0.32966088 0.58282817 -0.32966088 19.36934187 
20.79907213 -0.30741355 0.36019372 -0.30741355 22.47596733 -0.16361679 0.36019372 -0.16361679 23.54866229 
39.62368656 1.75454165 1.35575386 1.75454165 39.00940750 0.83640131 1.35575386 0.83640131 17.91716585 
20.91208209 -1.21400151 2.08206148 -1.21400151 18.09097932 1.57769512 2.08206148 1.57769512 11.01640545 
37.24644021 3.12803248 -2.29718445 3.12803248 32.54185605 -2.92844103 -2.29718445 -2.92844103 21.11680269 
18.45047452 1.13790022 -0.04001430 1.13790022 16.90730632 1.11985490 -0.04001430 1.11985490 11.23064647 
21.24042370 1.70341653 2.82817008 1.70341653 24.31530289 0.49944631 2.82817008 0.49944631 11.37098331 
25.13447598 -1.21052086 -1.24339842 -1.21052086 29.44171782 -0.40977953 -1.24339842 -0.40977953 12.65885831 
25.32426347 -1.03169811 2.38048013 -1.03169811 17.00287742 -1.20279460 2.38048013 -1.20279460 17.66552918 
21.36387484 -1.28044696 -2.10024497 -1.28044696 22.06839533 0.59600046 -2.10024497 0.59600046 14.76866997 
21.00502779 -1.60030554 -0.35086832 -1.60030554 14.70893964 1.41927552 -0.35086832 1.41927552 9.02864499 
20.07136427 0.18721474 -0.72846827 0.18721474 21.34338660 -0.46648186 -0.72846827 -0.46648186 10.26513382 
16.69749113 -0.13772994 1.95111058 -0.13772994 21.11376870 -1.93155085 1.95111058 -1.93155085 9.63140231 
23.70208738 2.43738386 0.72187929 2.43738386 21.05291326 -0.88762334 0.72187929 -0.88762334 9.71708654 
31.04056646 0.42443341 -1.55885279 0.42443341 35.73378353 5.84834580 -1.55885279 5.84834580 19.50403210 
27.74510370 0.98580779 -0.75472096 0.98580779 29.69417345 -0.45544517 -0.75472096 -0.45544517 29.01734441 
36.65943645 2.93949793 -0.23775561 2.93949793 32.75288086 1.29277578 -0.23775561 1.29277578 15.61717818 
18.02795560 -0.86405412 2.17302456 -0.86405412 19.43429364 0.57035697 2.17302456 0.57035697 7.44956938 
28.22250772 -2.59872034 1.61537210 -2.59872034 22.93759117 2.41041255 1.61537210 2.41041255 18.56632544 
19.16140764 0.11226296 0.56770211 0.11226296 22.94066819 -0.82446174 0.56770211 -0.82446174 6.56312395 
25.00746611 -4.33312490 -1.37835093 -4.33312490 23.97182574 1.64166965 -1.37835093 1.64166965 9.97549982 
25.00557716 1.48167101 -0.51709221 1.48167101 24.89355735 -1.60456299 -0.51709221 -1.60456299 10.38011771 
29.18538357 0.36303617 -0.65950346 0.36303617 30.33693971 -0.08752346 -0.65950346 -0.08752346 14.81588272 
27.13063835 0.99495387 -2.26634492 0.99495387 32.29138869 1.59988465 -2.26634492 1.59988465 21.73475757 
26.98600669 -3.17216286 1.08560834 -3.17216286 27.44519301 2.46765421 1.08560834 2.46765421 13.08893966 
40.25063735 -0.19884115 0.42219955 -0.19884115 42.70633859 -0.90552149 0.42219955 -0.90552149 23.40939089 
21.91534160 -3.54655883 -3.02773306 -3.54655883 26.07527036 -1.90029493 -3.02773306 -1.90029493 22.78053504 
27.87619742 3.74419018 2.55209144 3.74419018 35.88964327 2.77007719 2.55209144 2.77007719 15.09054852 
44.81032744 -1.14614258 4.31695795 -1.14614258 38.78928248 -0.79869190 4.31695795 -0.79869190 16.70517725 
25.52107914 -2.61154540 3.88374958 -2.61154540 17.24925890 -1.05849119 3.88374958 -1.05849119 11.79564928 
22.14320601 -1.34951349 -1.10110225 -1.34951349 21.59261834 -3.02872564 -1.10110225 -3.02872564 14.19416356 
32.16249365 3.16864781 -1.09265034 3.16864781 32.14065800 -0.58651209 -1.09265034 -0.58651209 16.29301087 
41.21530817 0.19107600 -0.61694835 0.19107600 41.91488715 -0.71316806 -0.61694835 -0.71316806 13.89559670 
23.91221598 -1.99389499 1.46453918 -1.99389499 21.16533346 0.27803294 1.46453918 0.27803294 18.59561497 
38.28380664 -2.47850565 0.17918505 -2.47850565 43.81843835 -3.16853774 0.17918505 -3.16853774 17.01636633 
27.14121969 -5.10605806 2.79618324 -5.10605806 17.62816474 -1.60067416 2.79618324 -1.60067416 8.99142127 
18.60259278 1.67310811 1.73190748 1.67310811 19.36149583 1.47109298 1.73190748 1.47109298 13.59224237 
28.26631350 -2.33960152 -0.00762864 -2.33960152 29.44999465 0.86838080 -0.00762864 0.86838080 13.64671599 
31.67512741 0.61588091 0.46359048 0.61588091 32.51022591 1.21493667 0.46359048 1.21493667 15.11446494 
26.31107171 -0.69236789 -1.62793448 -0.69236789 31.40077225 3.76164794 -1.62793448 3.76164794 13.45051303 
14.82119461 -1.88222597 -0.40004873 -1.88222597 17.03978615 -0.08285365 -0.40004873 -0.08285365 15.34430486 
28.26955070 -0.11480605 0.47563147 -0.11480605 26.38731810 1.52695791 0.47563147 1.52695791 11.90601975 
19.30714213 0.27611394 -1.58710905 0.27611394 16.81149814 -0.97053207 -1.58710905 -0.97053207 11.68944897 
38.27907557 -1.05940109 0.77964133 -1.05940109 44.90107721 0.06749894 0.77964133 0.06749894 15.39747629 
23.21345523 -2.73215992 1.18757869 -2.73215992 20.83502867 0.00412956 1.18757869 0.00412956 10.81356523 
34.78118071 -0.09723881 -0.55891565 -0.09723881 35.35059667 2.56353030 -0.55891565 2.56353030 24.36148821 
29.23816183 1.36035948 0.92147595 1.36035948 38.55821646 1.66547868 0.92147595 1.66547868 15.80157616 
39.39900650 2.16460777 0.41016365 2.16460777 35.62804779 -0.26819708 0.41016365 -0.26819708 13.06115904 
22.69634248 -0.49553275 -1.68836525 -0.49553275 20.08325502 -0.44317413 -1.68836525 -0.44317413 16.53039548 
37.38064010 1.87666888 -3.37903316 1.87666888 35.78394249 -1.81297947 -3.37903316 -1.81297947 16.96754462 
31.88804840 0.22565890 3.79634878 0.22565890 31.22810295 -0.32307056 3.79634878 -0.32307056 15.44420661 
33.31325513 -2.58680339 1.38822309 -2.58680339 29.87445581 -1.75900949 1.38822309 -1.75900949 20.23652892 
35.41636495 1.78862031 -1.94037638 1.78862031 31.76096114 0.35929218 -1.94037638 0.35929218 14.77087532 
37.97042009 0.97312790 0.04293638 0.97312790 34.68446714 -1.34079727 0.04293638 -1.34079727 16.12644170 
35.06477086 -0.48688440 0.49054847 -0.48688440 35.02780342 -2.98524299 0.49054847 -2.98524299 15.09931323 
31.33273862 0.69107210 -0.47229178 0.69107210 28.59131294 -0.23761356 -0.47229178 -0.23761356 14.80441330 
34.28145656 -4.23664999 -2.25431773 -4.23664999 28.24204349 3.16430039 -2.25431773 3.16430039 16.19478303 
24.79634397 -0.13396558 1.53812238 -0.13396558 27.49822034 0.66241820 1.53812238 0.66241820 11.97073546 
29.00287856 -0.78536881 1.75356154 -0.78536881 29.07336298 -1.52124688 1.75356154 -1.52124688 25.21468250 
50.28850581 -0.61417352 -0.04934187 -0.61417352 46.17611601 1.16006218 -0.04934187 1.16006218 22.41980425 
23.84651699 -0.15245845 -0.70328907 -0.15245845 20.32488736 2.74675694 -0.70328907 2.74675694 15.91299628 
19.34409377 -0.44418175 -0.59427218 -0.44418175 21.66052302 0.29686948 -0.59427218 0.29686948 7.74420503 
25.19256821 -4.19245877 2.14046296 -4.19245877 28.04559815 1.98879638 2.14046296 1.98879638 23.21594908 
22.97003761 -2.53191371 1.39740845 -2.53191371 31.00802097 0.55536909 1.39740845 0.55536909 21.15977630 
31.09213734 -1.57985734 0.09574719 -1.57985734 33.56971353 4.99988956 0.09574719 4.99988956 32.83756883 
